:START_ID,:END_ID
2055131,12000121
2488918,11999483
2167410,11999592
2517906,11998615
1311062,11999243
496409,11999126
941070,11998759
1458775,11998756
2074173,11998878
2808073,11999311
124812,11999598
457205,11999479
2096517,11999404
31241,77
1128220,51
1327898,11999221
1119651,11999353
1159821,119
531721,11999531
2701423,11999536
1303345,83
945706,11999307
2739947,11998754
2017525,11998453
1840279,11999358
1124365,11998911
1992491,11998675
1556467,11998525
664755,11998447
1389680,11999963
2257088,11999692
44826,11999085
556220,11999262
1945596,11999677
1069123,11998398
1045378,11999576
2469344,11999616
2568370,11999679
1763673,117
405834,11999366
2226796,11999308
1234640,11999922
2633111,11998876
2201728,11998452
757783,11998514
930218,11998675
196771,11999528
149894,11999934
182373,11998936
1786597,11998979
2737273,11999342
2353117,87
912840,11999813
627105,11999629
2087556,12000113
1430792,11999626
2079926,11998755
254167,11999342
1252365,11998534
693071,11998467
2253033,11999117
754987,11998805
2797510,11999374
2155819,11999986
2780129,11998538
643689,11999134
2693113,11998598
449032,11999548
1715464,11999433
2686735,76
1963908,11998988
1448407,79
1077040,11999109
971041,11998858
163321,11998981
1767953,11999372
2728782,11998913
1869671,11998651
1461729,11999934
450823,11999567
2473935,103
1473349,12000225
52276,11999002
81812,11999374
435178,66
884776,12000105
2348479,11999142
1439468,11999177
2286631,11999991
198014,11999942
2634974,11999662
2299527,11999458
249900,52
1717065,11999304
2037913,105
1471672,11998812
2052857,11999606
2136393,11998642
297024,11999626
1146733,11999903
855180,11999884
1763149,12000208
2764678,11998712
1765857,11998995
1492737,11998845
2563685,11999724
1820180,11999518
2456698,11998949
733785,11999411
632817,11999531
1741177,11998545
1106454,11999593
2151294,11999654
1096068,11999968
2262524,11998959
2572602,11999163
2791975,11999634
1680377,11999945
54561,11998331
928982,11999043
1599898,11999111
1474661,11998743
280419,11998698
1949549,11998643
2024427,11998457
2277244,11999995
2680093,11999455
553216,11998753
810860,92
2204519,12000217
121761,11999902
1917548,11999442
2312344,11998984
1892786,12000217
2681195,11998376
2486199,11999079
1989131,11999662
548719,11998801
302352,11999338
2298316,11998647
1493862,103
1978401,11998774
636340,11999447
1798960,92
442159,11998365
2722059,11998509
2808984,11999223
1422901,11999318
2611656,11998976
1074754,11998963
2352348,11999572
1598714,12000226
2264452,11998455
1018440,11998982
614488,11999778
2233951,11998943
1948953,11998352
1242466,11998443
2406604,11998491
1719898,11999626
2110342,11998989
1699989,11999304
2420968,77
2315494,11998655
1097973,11998909
1411319,11998834
2818113,11998815
517995,11999713
2372561,11999352
1141074,11998732
2749999,11999302
557577,11998941
2134308,11999411
894376,107
1094148,11999208
2138630,106
2008231,2
2614277,11999615
2263328,11999055
2357980,11999522
499673,11999101
1180704,11998523
580108,11998972
756961,11999026
2753795,11999881
2309153,32
1006035,11999688
2663981,11999902
488020,12000228
469600,12000173
2147853,11999448
2517532,115
889594,11998699
901744,11999188
2793295,11999629
47462,12000125
798739,11999673
2271061,11999908
712891,82
1315992,12000138
1682149,11998789
2535841,11998896
377141,11998845
1470114,11999384
1894092,11999781
2180037,11998508
288572,11999109
218567,11999074
1590359,11999855
1859299,11999676
859341,11999128
1983852,12000228
1090244,11998597
761326,11999421
2669034,11999039
1239301,11999436
946516,5
1530604,11999903
1787613,11999059
507716,12000157
336593,11998747
330887,53
288895,11999714
1529669,11999484
2546455,11999016
2024507,11999728
2574638,11999393
1255535,11999203
1342709,11999952
1709041,11999097
889537,11999357
1635258,11998546
1374587,11999971
1986951,12000111
2095220,11999548
1479212,11999497
2795623,11999971
2606902,78
1355780,11999724
1098513,11999863
2665233,11999466
2681101,11998372
2575661,11999421
2232754,11998393
1788692,11999233
1927992,63
2660466,12000193
1529521,11999537
973740,11998409
2250372,11999722
375649,11998935
2722120,11999094
119081,12000152
757751,11999462
2490536,11998377
2404255,11999995
75254,11999379
544776,11999726
354863,11998359
1372366,12000145
2695779,45
2348561,11999345
2308854,12000104
2600599,11998481
1996866,11999883
261719,11999893
361118,11999591
2258699,97
2825478,11998447
1971297,11999392
443068,11998345
920667,12000154
467262,11998553
2823260,11998439
2131447,15
1133259,11998655
1577020,11999932
110450,11998831
972364,11998891
2439966,11999855
386358,11999218
2252653,11999845
303283,59
81693,11999895
803481,11999617
1183999,11999238
215916,11998823
2266754,11999424
1450514,11999868
1484953,11999051
2011674,11999042
2365005,11998896
198720,11999724
973853,11999338
2282736,11999198
824424,11999552
2318119,11999622
632816,11999645
1587635,11999478
71539,11998553
175735,11999944
1710516,11999147
2019593,11999932
1865229,11999008
1650508,11999488
1935402,11998834
618518,11999742
694132,11999142
1311677,11999576
983132,11999682
1155334,11999334
1241507,11998502
2711546,11998708
652963,11998781
1055597,12000157
2507411,11998341
1508450,11999046
1673952,11998403
752058,11998912
2469306,11998611
906804,11999623
1920071,11998818
1768266,11998737
1162612,11999357
1165068,11998932
2731031,11998471
912668,22
72500,46
480324,11998832
672497,11999385
1123298,11999306
2413919,11999308
2098953,11999001
1925682,11998665
331554,11999407
194552,12000116
2727729,11998915
2079516,11998602
1406321,11998724
2503143,11999143
1655620,11999064
1980491,11999046
2587377,11999268
2382427,11999903
1473063,11998448
1789338,11999592
2262965,11999658
2679143,12000173
152285,12000161
2146108,11999377
1953544,12000121
1777469,11999453
2818260,11999418
1814949,11999922
1872216,11998899
2073198,11998407
1672445,11999301
1644430,11998784
125281,11998744
2240069,11999045
537230,12000174
501825,11999536
1377994,11999378
709700,11999209
989960,11999863
2044818,11998354
2474791,11998827
741810,11999905
2255671,11999507
1633716,11999382
1518055,11998557
2233125,11999702
2632015,11999082
1775500,11999344
1843717,11998326
1249044,11998841
1242759,11999342
2766756,11999815
892323,11999557
1312814,11999351
2014845,11998334
2307280,11999625
889396,11998724
1934700,11998856
2232424,11998749
2444866,11999627
1765854,11999122
558437,11999828
2570251,11998416
117970,11999549
2241915,11998866
2428728,12000228
2283597,11999329
500893,11998744
950975,11999272
588780,11999579
947730,11998471
1098405,112
1447609,11998334
383305,12000169
240527,11998745
1361013,35
771434,33
676652,11999603
1703515,11999695
475492,12000169
2430549,11998628
695434,11999294
2268282,12000116
248958,11998985
1550138,12000165
2043748,11999412
142282,16
99779,11998802
2110031,11998448
2192777,11998972
1541076,11999788
1119474,11999735
1347097,11999488
373450,11998573
2386656,11998484
779216,11998606
576836,11999543
734216,11999095
1122262,11999522
2398441,11999968
2782069,12000112
888278,11999686
787744,11999611
1779002,11999337
1781581,11998654
184414,11998507
2123600,11999185
900988,11999436
147145,12000226
1621870,11999156
73968,11999756
2488794,98
1509694,11999293
336961,11999714
2296656,75
2301761,11998465
58885,11998691
1949769,11999356
1265572,77
2565006,11998886
1136018,11999164
39970,11999634
2733836,11999826
2743790,11998649
2134301,4
1152796,11998557
1200604,11999306
2339662,11999809
1446327,11999402
1985789,11999804
2661360,11999968
747288,11998354
1518982,11999365
286522,11998695
1520257,11998755
2624717,12000185
640704,11999839
2447388,11998805
1618580,11998677
1145621,11999718
1727257,11999617
1086530,12000202
2314057,11999941
848978,12000173
926462,12000219
1200284,11999809
2208798,11998615
1828594,11999979
760026,11999567
906140,11999957
2093952,11998895
2208161,35
1708724,11999085
356979,12000213
707979,11999221
770734,109
829182,11998784
1527421,11998467
1143971,11998813
1838844,11999576
432819,11999063
2461870,11998491
1314100,11999926
2554993,22
2219399,11998753
2319835,11999676
2827923,11998576
1685379,11998701
1339044,11999771
957410,12000203
2014807,11999463
2156906,11999511
2204149,11999208
2475851,11998691
616722,11998452
2181760,11998589
2392821,12000209
2651871,11998611
1928323,11999296
2441394,30
241275,11999805
1814413,12000152
1139742,12000129
2129870,11999025
2106801,11998385
1073459,11998675
980017,11999046
1919780,61
934787,11998807
1951704,75
629837,11999944
720639,11999334
375777,11999581
2235364,11999537
2168252,11999545
579894,44
2549381,11999778
1701184,11999236
1273316,11999594
867529,84
879698,11998514
1639956,11998936
2642949,11999688
2303011,11998327
1251853,11999472
1029498,11999798
1479257,11999374
1861811,11998493
1955504,11998988
2341186,11999557
363603,11999901
2599287,12000205
740296,12000142
1169815,11999883
766466,11998752
926678,11998833
706315,11999845
1537562,11998914
2046551,11998902
1538807,11999058
76489,11998548
1778971,11999709
1722415,11998813
2176084,11998753
2484412,11998976
1274345,11999206
1449194,11999003
2530624,11998951
1089973,11998608
752390,11999236
505039,11999625
271150,11999756
1945822,11999729
1036985,12000199
211217,50
219273,11999528
1615981,11999357
1945932,11998689
567884,11998941
774313,11999356
2680737,72
1487620,64
2111141,11998416
650881,12000199
1825931,11999126
1788413,11998832
1546901,11999323
705026,11998966
729847,11998832
1342336,42
2372823,11999094
685500,11998695
2206616,11999929
1493172,11999467
966437,11999447
2215930,11998964
695905,11999489
973453,12000189
1221262,11999568
1990911,59
1870497,11999781
2057837,11998392
489883,99
170020,11999349
1637566,11999311
350118,11998974
72200,11999442
2212508,11998943
777162,12000183
1940623,12000206
652132,11999624
2764108,38
1936618,28
2224777,11999134
1994105,11999622
57197,117
1443584,11999272
2083131,11998674
953987,11999998
2333609,11999522
2513750,11998315
2432945,39
1301724,44
1349703,11998873
1475311,11999449
489227,11998339
2511189,11999772
592315,11999194
1811703,11999564
152088,11999209
1071556,11998651
1724949,11998768
2703559,8
632116,12000193
532539,11999839
2463730,11999804
1334674,11998471
665965,11999238
2574774,12000193
2758061,11998715
2719315,11999156
1566399,11998604
2793396,11998625
1008476,12000123
1085698,11999482
1209443,11999393
821838,11998354
215384,11999676
252646,11998651
1244451,11998976
2803516,11998709
346842,31
647620,26
647390,11998661
1850046,11998594
1458610,11998812
2073013,11998832
915226,11999686
2405141,17
1449859,11998573
1947305,11999332
2680560,11998416
68404,11999932
1491652,11999912
2345165,11998699
949136,11998513
1947797,11999785
1764180,11999796
1860465,11998548
2713605,11999039
684340,11999503
953708,11999403
2382762,11998451
436548,11998841
2619940,11999231
272482,11998321
1957096,11999412
2745588,11999935
1817260,11999495
1210059,11999978
2290554,11999785
759599,11998361
1875378,11999094
1664808,11998335
1836088,11998432
98672,11998771
209181,11998715
2782524,11999575
2666493,11998834
582339,11999548
1972093,11998433
954106,11998492
1933087,11999774
232814,11999447
2783187,11998498
383442,12000184
1094278,11999616
2425383,11999963
2358873,83
1914212,11999386
2004255,85
2512959,11998909
1326034,11999856
1996925,12000156
1274445,53
2584499,11998654
361973,11999344
184376,11999086
2016353,11998858
2467932,11998859
41815,11999575
2159122,99
2225686,11998492
1415147,12000192
1757018,11998447
1029588,11999332
1335860,11999706
867539,50
228730,11999114
2058944,11999772
420676,104
2219633,12000213
2429892,11998316
995013,11999232
1038633,11998956
2664042,11999542
1818661,11998888
978629,11999869
1464148,11999196
1256661,11998567
1945345,11999338
2578675,11999531
531718,11999875
770663,11998896
1022447,76
113050,11999957
125889,11999373
284072,11999483
1752323,11998388
83223,99
1222037,11999307
253858,11999004
1452530,11999534
1530778,11999106
2114490,11999915
1826017,11999043
1775644,11998988
2440538,11999548
2702756,11999029
1777183,11999649
2134395,11999206
351982,73
1126502,11999106
2605807,11999469
1270042,12000161
214988,11999436
2711684,11
2678135,11999732
1943623,11999959
182280,12000169
2050986,11999847
948899,11999272
2128499,11999086
2670244,58
640937,11999926
2114363,11998522
2493518,11999166
1307457,11998514
97307,67
783505,11998616
2217586,11999429
2034210,11999059
2802699,11998741
75729,11999795
916973,38
741963,11999245
1318183,11999988
1527077,11998355
1837765,11998433
2619373,11999276
859772,11998437
2310313,11998788
1978644,111
565078,88
1265024,11999536
2443492,11998749
2323862,11998885
905704,11999409
2801110,11999306
1129925,11998691
355300,30
77371,11999967
976341,11998748
2347354,11999362
2241460,11998951
1084310,12000202
1970335,11998357
1736183,11999686
1566004,11999306
2438260,11999713
1031411,11999338
885763,11998866
1723812,11998998
944909,11998331
1724216,11999126
726932,11999254
2105656,11998776
70261,11999428
1772204,11999981
2450177,11999591
1395546,11998688
1398670,11999654
266058,11998371
1148758,21
2093982,11999875
2688687,11999419
1434939,11998755
128495,11999479
1747702,11998875
340354,12000193
473467,11999284
470189,11998507
782399,12000185
825182,11999959
2265464,11998467
1303779,11999581
1337912,11998931
1657763,11999024
959811,11998378
2154480,11998802
350015,11998898
2657187,11999491
460800,11998915
1538695,11998942
494441,11998508
1744277,11998667
1253573,11998904
2129805,11998688
2516376,11998647
417197,11999758
1507038,11998496
2009389,48
559017,11999965
175715,107
1410279,11998901
1837204,11999743
1794592,11999177
1371995,11998503
523342,19
1237175,11999143
391473,11999315
1955000,11998648
2447696,11999163
1581308,11999307
1986085,11999772
809504,11998811
1757176,11999522
1475996,67
833598,11999239
1444943,11999306
1663294,12000217
497247,90
2528822,11998648
1424827,11999204
964588,11998901
2708199,71
2579952,11999826
891759,11998673
653887,11999216
875569,11999147
2531038,11998832
1769802,11998583
2076499,11999885
1742531,11999534
605542,11998597
292276,11998403
1379311,51
2301207,11998793
1622916,11999072
1887451,11999459
339204,33
228717,11998616
1857246,11999993
2609577,11998974
1962842,11999221
580746,112
2800750,11999358
1471069,110
2314802,11998534
1245118,11999029
73172,104
2761844,11999814
486129,11999085
1864454,18
1005669,11998523
2098095,11999662
1181979,11999782
1546953,11998695
2078434,11998357
2398621,11998504
1076475,116
2521688,11998753
95396,11999238
1972921,11998354
486871,12000128
538810,11999707
300700,11999212
67261,11999014
537131,11999641
1910213,11998574
891874,11999548
455023,11999442
766233,12000145
2169859,11999883
365528,11998663
2410620,11998438
951393,11998606
825992,11999424
175168,11998934
960503,11999547
1601364,11999758
2395313,11999044
503084,11999904
2515682,12000155
515732,11998974
2647487,11999911
2111807,11998889
1258292,11998951
2192267,11999107
519374,11999106
978433,11999043
1820587,11999442
979543,11998753
306879,11998352
2025764,75
1131803,11998813
1572334,11999575
1607609,11998706
812287,11999845
559486,11999713
290217,11998594
1296667,11999837
2407581,11998415
579831,11999809
1842710,11998791
470782,12000192
2489001,11999861
535497,11999519
1733384,43
80814,11998338
1019464,11999163
1275901,11999121
1690919,11999898
2564705,11999132
1768033,12000166
1399674,11999244
2336341,11999502
63488,11999397
2595555,11999113
2015897,11999185
1615323,11999236
2267451,11998737
1598308,48
896732,11999241
978979,11998738
797385,11999293
687038,11999347
882340,11999925
1406565,12000199
1426959,11998467
514588,11999737
1324130,8
978010,11999018
1405619,11999301
1479554,69
1290565,11998409
1893309,11999487
1285585,11998456
1461578,11998753
1925663,11998573
1184043,11999724
252628,11999926
2182756,11999861
1667408,11999967
2606117,11999028
2203340,11998908
2644116,11999722
1586912,11999427
1843747,44
1610645,11998509
1168890,16
1686631,11999693
2591147,101
373303,11999096
1286048,11998805
2286072,11999219
2671262,11998323
1164669,11998856
1028861,11998876
89369,11998471
2113223,11998935
1180327,11998807
93729,11998493
1681946,11998892
779614,11999141
676147,11998416
1528574,11998929
586459,11999827
2448051,11998481
1308216,11999327
657608,11999483
1089952,11999606
405190,11998891
246855,11998753
2398274,11999205
47133,11998359
1015797,73
1956847,11999327
741871,11998773
517960,11999216
2015797,11999551
2834604,11999868
2694930,11999177
1251251,11998988
2532361,11998982
1677853,11998915
993210,11998836
2302599,11999283
1549231,12000105
72343,11999034
2101346,44
1173723,11999662
2157049,11999236
91976,11999738
463629,11999654
334097,11999738
816160,11999127
2279539,11998683
2422412,12000176
1380519,18
2192970,11999065
1874136,11998707
1481010,11998682
2215946,11998427
1975174,11999405
2295626,11999742
630349,11999741
323904,11999652
642516,11998799
1256915,11998818
150777,115
882198,11998615
2070670,11999929
1883844,11999325
689639,11998628
2034241,52
2398150,11998717
2180959,11999269
2257693,11999421
979752,11999154
910417,11998569
1478886,11999006
1446043,12000146
1682047,12000146
2758036,11998582
2231583,11998655
1828793,11998687
971300,11999924
277237,11999076
1030969,11998946
1445977,12000156
136189,11999757
1314763,11999152
1228574,11999637
2777893,11998875
2270542,11999531
1074214,11998674
810298,95
185487,11998878
1039958,11998898
1848043,93
2787459,11999801
2778459,11999411
2109694,11999419
116108,11999935
1089160,11999876
1234838,11999829
2505634,11999351
1877351,11998902
2024227,11998646
1269069,11999839
1372397,11998371
219645,11999486
2789019,11998474
2175045,11999233
1223988,11999624
540088,11998646
1542554,11999616
349528,11999189
2757235,11999376
275731,11998754
2688876,11998667
62568,11998568
2784864,75
2372802,11999392
714702,11998684
1646204,11999232
59110,11998707
1820767,48
165091,11999306
1139436,11999288
2039197,11998336
29501,11999905
922903,11999308
2292490,11998501
1395308,11999344
1240023,11999001
1846658,11999141
2091238,11998617
2490014,11998923
2211237,11998534
2609075,11999432
913623,11999486
2787938,11999884
1656069,12000158
417966,11998765
223457,11998362
2522211,11999542
2329839,11999895
2138211,11998993
301627,11999658
685048,11998639
1366701,11999344
1558309,11999338
528754,48
1505175,11999044
1840998,11998617
769991,11999561
1173151,11999695
1990395,11998908
573304,11999317
621216,11998878
2502598,11998818
724054,11998719
2097655,11999238
1390881,11999544
843406,11998606
1115878,11998946
1071905,11998608
457218,33
1402238,19
2608925,11999412
2364444,11998804
2271911,12000102
250625,11999154
1070490,11998323
1502210,11999531
2005884,11999735
1409199,11998685
348672,12000126
736065,11998865
2094462,11998591
1398923,11999497
2045467,11999311
1536969,91
2532810,11998535
1712119,11998996
1947556,11999935
1278649,11999495
198716,11999105
1556670,19
1494282,12000174
1288115,11998611
2140694,11998482
2817797,11999124
276865,114
201589,11999877
1704783,11999172
527495,30
1094416,12000102
788914,11998774
2185402,25
2465559,74
1656749,11998802
2778071,11999893
189368,11998759
780176,12000138
1458644,11998535
1246308,11999074
2243897,11999019
297296,11998778
42894,11999237
2461336,11998677
867914,11999152
2245244,45
294050,11998605
2809478,42
2243259,11999212
2396238,11999004
2169661,11999572
959581,11999409
2412773,11999526
1976010,3
2706015,11999637
2441797,11998624
1181745,11998713
2519385,11999881
1212734,11999742
2243630,11998549
2420449,11999593
577607,11998719
952564,11999262
732891,11999044
170553,11999828
2284787,93
1667967,11999785
1672785,11998984
929289,11999816
2719277,11999141
741217,11998402
650787,11998709
1284293,18
2100462,11998996
289900,12000205
788989,12000103
1517915,11998509
1747323,95
1012749,11999856
2742537,11999325
2354829,11998409
1986233,11999737
1456553,11998709
487802,11999586
935847,11999875
460538,11999281
1686953,11998539
2027851,98
256761,11998611
1708221,11998371
2338234,11998801
731709,20
1506236,11998984
169406,11999738
2244866,11999938
1966312,11999879
1364774,11999894
2383213,11998524
1531968,11999047
1699028,11998698
1871576,11999549
706436,11999757
554334,12000135
1113707,11998904
2629428,11999502
181661,11998597
1661263,11998424
2000763,11998778
1369679,11998492
2311088,11998713
761532,11999641
230612,11998983
2173660,61
2461527,11998683
2767176,11999904
1580117,11998558
1357125,11999353
1471079,11999995
882751,11999775
1744473,11999183
678329,11998442
2334545,11999327
2452745,17
446279,12000117
1575136,11998609
1195547,79
1635535,11998327
2730009,116
1762228,11998775
2633964,11998534
431294,11999243
1034009,11999893
850101,11998458
786028,11999206
2182637,11999306
1967760,12000131
1304062,108
1705303,11999001
1819698,11999002
1289854,11998805
1996043,11999164
325989,11998826
927499,11998689
2692522,11999816
2082239,11998804
2374563,11999846
588050,11999801
2445978,11998509
1452409,11998912
1039403,11998493
2721825,11999979
464164,11998876
114059,11998755
2581212,11999835
2103706,11999155
1259270,11999693
559729,34
2339862,11998889
1888833,11999016
2312230,11999469
950261,11998897
1594248,95
570187,11998549
608557,11999467
961888,11998942
333004,11998876
1167895,11998625
2806840,11999425
1502338,11999362
1488914,11999916
705686,11998996
1754374,11999455
434383,11998891
126202,11998665
2299104,11998858
383383,11999031
2305383,82
2555252,11999405
1302667,11999877
272717,11998669
2037518,25
2752321,11998661
2708522,11999686
268695,12000202
1656989,11998673
2014582,12000103
277121,11998989
332375,11999024
335432,11999612
2750821,71
1639731,11998559
236636,11999156
439255,28
1261675,11999334
1435689,12000176
512373,11998402
1115051,11998721
1777575,11999498
482343,11998699
1736927,11998546
2313893,11999959
1085740,11998349
1381046,11999615
1013351,11999723
1427790,11998996
243342,11998583
2764970,11999837
2366122,11999661
2669844,11998737
2080519,11999064
110496,12000131
1029799,11999846
563863,11998643
127123,11999042
2531294,11998583
2590152,11999094
1951814,114
1917194,11999778
710930,7
1616100,11998587
2678866,11998813
1465738,36
2500017,11998448
728898,11999232
2727630,11999575
2477254,11998368
636400,79
2793392,97
2306401,11999845
416968,11998496
2016249,23
408571,12000206
2538557,11998539
2565753,41
2521101,11999828
35705,11999288
2366150,11998971
1808406,11999377
2492744,11999142
1184676,11999025
1844972,11998938
1211734,11998434
1260123,11998425
2692119,11999973
197937,100
114219,11999001
1733580,12000207
1155832,12
957532,117
267746,7
909280,11998889
2630107,11999744
73578,12000128
513150,34
819576,11998361
2144543,11999598
1695177,14
925845,11999352
2455588,12000196
503479,11999661
2031152,11999364
77057,11998929
2805692,11998587
2191890,11998904
2774834,11998713
2427005,11998719
1367642,11999564
2338938,11999264
1913488,11999908
2418727,11999356
298551,11998745
997214,11998967
1392914,11999349
1548203,11998597
2338052,86
2780882,9
1037849,22
1358736,11998901
1938947,104
1293559,11999952
1209019,40
1334320,11999258
1426264,11999934
583437,35
861930,11998526
179986,11999616
879048,11999751
417308,11998661
1337523,31
231014,11999935
1907174,11998442
955377,11999883
2389895,11999709
2257092,21
373018,11999537
556095,11998661
2705534,11998865
660472,11998434
2522504,11999065
2690599,66
1401586,11999008
2511977,82
1111185,11999248
152944,11999868
2372478,11998326
2063033,11998573
1167078,11999592
2657538,11999317
544453,11999893
856861,11999508
769404,11999978
2513611,11998654
173685,11998682
2771898,11998852
72277,11999063
2139847,11998345
2786900,28
2162138,11999058
1730733,11999053
2305881,11998435
875075,11998813
474096,11999762
1414642,11999088
2729770,11998909
1263951,11999648
2349897,11998899
1530624,11999134
1360298,45
2225087,11998553
1698825,11998355
1856210,11999544
2352821,11999502
1815393,41
2482824,11998663
108553,11998339
2078817,11999527
1367828,11999323
1871003,11999902
922701,11999861
1196251,101
2099675,11999616
873937,11998941
501674,11999701
667591,37
619621,11999035
800086,11999963
898219,11999045
1256032,11999722
976148,11999547
2511949,11999304
747773,11998832
1936067,11998772
2607393,11998801
2703931,11999424
2832566,11998567
1504572,11999516
2755102,11998658
191423,11999215
1001963,69
1369013,11998535
810645,11998935
955849,11998959
1933428,11998452
2418911,11998715
1540608,11998793
669847,12000217
2136854,11999428
1272668,11999431
665905,11999939
1395218,11998482
2408301,11999393
2810972,12000111
710775,11998403
2808446,11998544
311267,11999875
755715,12000172
1329125,11998663
1073055,44
2744787,30
616112,11999809
523945,11998667
1356492,11998734
454019,11998338
1459132,11998492
290892,11999598
1782983,11999518
1338262,11999228
2112512,11998664
2220910,11999971
337106,11998665
1254330,12000196
1056526,11998379
2292310,11998912
1466507,11998878
2370133,11998568
244003,11998667
2080703,11999807
456469,11999659
2817756,11999031
859453,11999942
2488232,11998467
1552784,11999736
2750180,11998671
2735876,11999627
1169376,11999928
1377814,11998934
941293,11998602
193085,11999124
693232,90
734298,85
1960658,11998416
1371053,12000189
2269624,11998507
57301,11999435
2339109,11999748
2785274,11998747
2351584,11999525
1843420,11998448
835855,11999231
734860,11999155
2147145,11998436
1215783,27
1676839,11999522
1252269,11998902
471014,11998986
1994180,11999722
1841873,11999432
674246,11999403
1941078,11998951
2733685,11999578
1504285,11998379
744338,94
2394417,11999288
1949416,11999915
1024222,11999758
2686624,11998734
2346507,11999495
117852,11999583
2278070,12000131
824064,11999016
2451024,11999269
1768889,62
2094582,11999557
2007328,11999567
2415917,11999559
2345830,11999223
2297872,11998576
2591423,12000172
772818,11999356
2611386,11998534
1906859,11999484
1875076,11999925
1698295,16
2627615,58
323064,11999686
1242689,11999615
1680930,11998939
2590449,11999204
1976092,66
199746,11999488
2787282,11999842
2116129,38
609417,11999645
862029,11999327
1156637,11999507
880244,11999807
1934605,11999703
434205,117
2129025,11999288
2455541,12000155
1959859,11999709
2401590,11998935
2440968,11999833
2039088,11999348
2484736,11999463
1199510,11998504
174826,11999015
1239428,11998345
2471281,11999029
54452,11999979
2058566,11999796
2736021,11999936
672806,13
2835841,11999269
1712541,30
926158,12000151
1062811,11999248
937786,11999574
2355012,77
253892,11999143
742910,11999448
1121764,43
2142989,1
1801879,11999366
1519583,11999417
876043,11998876
2004151,11998721
467615,11999397
2301620,11998525
2322813,5
1586688,11998815
1832450,11998521
2349386,83
739923,25
2495994,11998391
589690,11999547
111135,11999981
2809903,11998898
1725914,11999322
1395429,12000208
384345,11998402
2113807,95
1438686,38
709177,11998964
555072,11998484
956709,11999627
2387600,18
691191,11999881
837034,67
1128861,11998851
1576292,70
2317683,62
2230535,11998945
761529,11999809
1036527,11999492
1347183,11999908
1969695,11999626
2280877,11998781
2173527,11998403
2083312,11998756
997288,11999405
93493,11999568
2625166,11999232
2096666,11998362
1511759,11999844
100694,11999183
1592803,12000138
1949040,11999927
865156,11998912
2729791,15
2503587,11998535
2310900,11999806
95986,11998339
408262,11998372
1339255,12000155
1099245,12000118
1249927,35
2269195,11999938
2042522,11998597
50411,11999073
2792546,56
1717953,11998988
2345867,107
69655,11999965
1453947,11999223
1461314,37
2300689,66
822680,11998465
2697856,11998564
1739246,11999751
1411521,11999455
1724859,11999359
1671792,11999598
2312060,11998474
1859192,12000182
863117,11999894
1166056,11998377
1113940,11999998
1586137,11998432
2806970,11999072
2140321,11999096
2246249,11998979
830074,11999543
603616,11998902
1188128,11998357
2080459,11998402
2798333,12000146
1438992,11999235
958135,11999024
1977849,104
212179,106
450405,11998588
325179,11998588
83436,11998793
1126566,11998688
361476,11999149
2808960,11999445
872652,11998799
142500,11998506
377093,11999643
1105340,11998465
2712249,11998694
285197,17
993549,12000188
2144904,11999233
1345016,11999629
121059,11999902
717187,11999281
838655,11998538
704770,12000152
2745739,11999032
1661145,11999111
1827426,11999536
1890753,11998962
1273402,11999372
2432809,11998437
1527295,11999433
683783,11998911
2723130,11998744
2300098,11998859
2342436,57
260099,12000212
1774760,11998996
2648645,11999525
1643886,82
147359,110
1249980,11999429
1975259,11998904
1984711,12000154
737875,11998724
2319972,11998875
2505200,11998409
1565812,11999531
1654899,12000138
2350244,12000207
341513,11999389
1986660,11998708
108784,11999167
840873,11999602
1349909,8
2219456,11998765
746999,11999185
2195344,108
1679445,11999492
807798,11998484
1956357,11998451
2091738,12000189
1604233,11998397
112904,12000172
2143810,11998328
1588094,11999798
1214662,55
1699160,11999117
280491,12000225
1565923,11999044
49404,11999968
89981,11999863
453939,11999617
1024321,101
1713010,21
476434,11999655
2819892,11998514
391533,11999024
1130511,87
1449030,11999586
2651531,11999942
1873692,11998468
2663453,11998888
853885,11999872
1207321,11999498
635807,11999365
227341,11998938
42703,12000117
50328,11998801
1513267,11999679
1659053,11999424
2200933,11999071
1755998,11998559
1289234,103
2441840,11998814
906112,11999376
1569745,11999842
2326377,11999859
2447077,11998865
117597,11999952
960731,11999858
1091189,11999709
1162476,11999359
1087236,11998816
2311298,11999952
1458329,11998788
2169855,11998989
2503873,53
690477,11999527
842704,11999301
1134103,11999389
2064606,11998432
401967,11999777
2140996,11999936
1339245,11999372
1445385,11998452
1624765,11999781
1202753,11999117
2083639,88
2191269,11999144
405638,11999328
1403308,11998467
1456254,18
129378,11998951
381816,11999561
125251,11999428
2676605,11998691
1147371,11999143
733605,11999827
1364257,11999046
2242150,11999128
2385406,11998467
496215,11999033
2407935,11998932
1849681,68
2528617,11998327
1669728,2
1205316,11999576
496169,11998541
2057589,11998895
2646129,11998745
774452,11998583
1063545,11999996
1617206,11999005
152754,11999591
345116,86
228146,11999921
932257,11999757
1192323,11999183
1756784,11999905
2485947,11999689
2388923,11998764
2098245,11999967
2552348,11999511
1126284,11998825
1520766,11998481
141823,12000131
1465271,11999332
462055,11999596
1771980,11998851
1091876,11999344
1349432,11999198
880289,11999813
812755,11998675
671999,11998588
1458441,11999695
1645098,11999497
2286234,11998522
370813,40
1199793,11999581
173613,11999236
942882,11998908
490326,11999004
2547049,11999412
717687,11998649
2503050,11998823
1877879,11999848
1202856,11998341
397262,26
2214244,11999163
193410,11999858
1522073,91
1692914,11998892
1336425,11998918
94222,11998416
1972074,11999885
2375845,11998438
1264825,11999043
1074387,11999735
1987002,11999046
1180905,11999734
1108714,82
1892861,11999699
690588,11998755
1217256,11999397
1566439,12000111
1133034,11999001
327952,11999167
1139576,11999106
2707556,12000104
842145,11998525
1338596,11998545
957426,11998624
852707,11999959
1790774,11999219
755003,59
638012,11999885
2352026,11999053
1991961,11999258
1145685,12000145
2752276,11999938
2096202,71
2676240,11999583
2449763,11999659
1285217,11999085
2401133,11998513
188483,11999565
501451,11999418
648266,11999359
186498,11998407
416715,11999843
1541902,11998911
675329,11999286
1177816,12000213
2321354,61
1833501,12000152
1049631,11999114
2679030,11998381
2057864,11999855
1677788,11999353
1256506,11999908
893135,11998642
2240233,11998683
2593291,11999502
2446943,11998949
1591282,11998384
2269898,11999833
1481995,25
1105299,11999033
1472312,103
2745738,11999301
2397895,11998506
2563159,11999385
2176642,11999686
859604,107
521334,11999016
557386,11999037
274170,11999828
2747069,11998501
1258256,11999436
1133470,11998756
107203,11998904
2053818,11999993
2790108,11999938
819605,11999268
340655,11998934
1081708,100
2512827,78
1087007,11999099
2588907,11998608
743730,115
119228,11999625
340091,11998397
285586,11999743
1553755,12000111
1003123,11999005
1172618,67
2689435,12000151
1612584,11999736
1938833,97
579118,11998811
2707013,11999662
345165,11999945
1977113,12000116
1356395,11999729
2457621,11998968
2631568,79
1725218,11999377
237716,11999338
1633593,11999181
881697,11998827
1404435,11999407
1703061,9
809255,11999774
2704072,11999821
1774761,11999112
1520591,11999707
2532836,11999833
578709,11998397
2511248,11998509
640766,11998816
1089932,12000212
1016678,11999536
2801688,11998912
108945,11999996
1313971,11998897
1351875,11999238
450025,11998385
453902,11998884
1080455,12000165
2131726,11998401
1767462,11999445
1037151,11998909
2781628,11998563
1124081,11998619
2300376,11998376
755853,11999043
2778268,12000148
878559,11999846
1986832,11998727
266039,11998862
2190490,21
2397769,11998583
2005768,11999771
1924902,11998499
146499,38
1736669,11999233
139497,11999208
314005,11998719
1994924,11999884
2372655,11998939
51762,11999216
2554558,11999149
2724563,11998557
1403035,11999197
1747255,11998737
143631,11998647
2680738,12000156
512617,11999566
474314,11999925
932742,1
2215877,11998667
2029051,79
1337783,11999149
1662840,11998384
282226,11999531
1870205,11998362
2227027,23
1374544,12000132
2284628,11999873
2261894,11999938
1310056,11999804
158791,11999907
1331246,11999703
528465,11998442
1461604,11998832
745408,12000146
1338603,11998514
2697723,104
2383574,19
372520,11999458
2169927,11999079
561293,11999281
884922,19
1681793,11999528
1107525,11998407
2617243,11998327
2457778,11998878
1972151,11999673
686116,11998587
1747406,91
1980004,12000173
689809,11998791
686377,11998479
2317000,11999693
806336,11998745
241868,11998655
286396,11999329
1855050,11998746
273156,11998922
403676,23
872984,88
1347683,4
2293950,11999957
260583,32
289220,11998439
1736452,11999926
100121,11999498
2016319,11999796
727832,25
855839,11998983
2351346,11999328
119811,11999357
715201,11999564
631298,11998721
840190,11999223
413760,11999156
917225,11999778
1934968,11999316
236380,11999296
1450609,11998427
1735374,11998347
2169490,11999144
1023823,11998339
1841121,11999106
1448779,11998502
769006,88
948365,11999042
1053996,11999425
2833578,11999898
1173361,11999561
751756,11998576
50829,11999493
106667,11999051
590689,11999335
1055916,11999682
868928,11999588
1678501,11999844
2366356,11999367
2334945,12000156
2495346,11999344
2264877,12000172
1473766,11999544
1198071,11998354
435401,11999497
1478224,12000128
1206573,11998402
583151,100
1144257,11999798
338002,11999898
214789,11998525
1522690,1
357101,11999631
564817,11999349
2815085,11999785
2479772,11999089
246326,11999795
2695451,11999506
368702,11999002
2202162,11998685
2078961,11998995
2424842,11999622
1975202,62
554900,11999429
1394358,11999362
2099598,11999677
2435036,11999775
2640101,11999226
419738,11998605
2169862,11999165
2034872,11998799
1829293,11999435
1127481,11999611
271763,11999624
602756,11999772
551697,11999781
1961510,11999343
909056,11999688
526079,11999466
1964894,11999903
2682098,12000166
2315925,11999042
575230,11999578
301770,11998706
1032681,11999945
1934576,11999243
1424791,11999389
2182764,11998408
52246,11998437
137201,11999121
2655125,11998884
294523,11998602
779560,11999837
2101478,11999014
909804,11998408
665551,26
526346,11998361
1994151,11999014
1116916,11999833
2489271,11999581
2677464,11998819
1230357,11999911
2121209,11998878
1275486,11999895
2516035,11999983
1392934,69
1404129,11999085
798001,11998415
542185,11999833
1162224,11998392
947044,11999015
1675641,11999412
1571394,11999936
1115971,11999147
2483526,11998507
1666223,12000192
1926112,11999709
635926,11999479
2774201,11999838
983787,11999706
711767,11999968
654700,11999612
2682495,11999258
2044872,11999963
2587703,11998576
2094165,11999971
1910316,11999835
2696809,11999479
2672252,11999969
2283200,11998984
142321,11999676
2606922,11999203
221983,32
1719391,11999536
840291,11999855
323100,11998563
273022,3
933654,11998708
1339658,72
1187365,11999393
1040270,12000121
2053033,11999033
305321,11998565
1575274,11998417
2367673,11998661
2082782,17
973873,11999828
1038548,11999086
2223920,11999611
1720065,11999177
2045736,11999079
2000595,11999519
998245,11999353
1361185,11999767
195196,11999034
967336,11998989
846828,87
256783,11999481
1673617,11999376
2133974,11999039
2329300,11998458
2161283,11999511
2665823,11999239
1585945,11999409
2548095,11999603
281192,11998492
2209113,11999935
528198,12000135
2121242,11998892
2208511,28
2116570,11999072
683899,11998559
2667068,11998664
2654050,11998878
1886737,11999495
318618,36
1463128,11999649
1481262,11998485
53216,11998902
1056741,49
2015940,52
2627574,52
1334721,11998874
2441079,11999216
1836996,48
343755,83
238682,1
850724,11998819
2354691,11999185
2223184,11999172
174688,11999334
2804919,11998398
246057,11998836
153147,11998727
67007,11999934
2675098,11999113
1545794,38
179582,11999707
152652,11998461
1089012,11998784
2701058,11998889
1242974,11999542
2114144,11999377
256867,11999302
2659341,11999574
2277677,11999323
1423869,11998315
189347,11999662
1503693,11999003
2463641,11999875
2618931,11999676
1563569,11999547
2452438,47
197278,11998826
1293901,12000135
209193,11998691
795845,11998708
1356232,11998764
412462,12000199
1184339,11998474
1089782,12000196
402473,11998586
1627039,45
215990,11998608
447618,11999047
2324210,11999934
2258468,11999112
1483962,11999815
1398623,11999751
1637742,11998754
582256,11998588
888973,11998962
2062188,11998805
2449199,11998549
167216,11998684
1225883,11999703
1765751,11999112
922315,11999661
774030,11999462
2097580,11998982
626740,11998402
1131679,11999358
1846034,11999977
2235836,11998485
2811141,11999216
2424626,104
2474932,11998437
1938742,11999902
1257206,11999885
2674120,11998458
2691852,11998694
2508445,11999308
1370663,11999741
2146651,11998721
2123285,11999039
854347,11999935
1760284,12000123
2151129,11999349
2822071,11999756
67558,11999498
349499,11999183
506256,12000107
746769,11998482
1275787,11998735
1392173,11999916
1835103,11998671
2530188,11998465
1494092,11999358
1175404,11999107
2745268,52
64536,11999329
2222351,11999332
203310,11999693
2307923,11999035
1510361,11999268
1713893,11999462
2089795,11999713
254974,11999627
1183797,11999223
2607681,11999258
1818209,11999703
984630,11998589
1568081,11999554
2787586,11999592
127850,11999233
243651,11999233
2391499,11999146
2139646,11998524
2512037,11998368
367406,12000189
244444,11999758
2245602,11999736
378039,11999699
1044196,11998572
1649956,11999147
1650062,86
1960181,11999565
630854,60
1398096,11998717
752574,11999028
1612616,11999196
1101238,11999883
1550503,11998698
184999,11998784
365144,11998874
598330,11998717
2344620,11999508
620114,54
1892169,11999317
2643626,11998647
890908,11998788
1409445,11999543
1136217,11999916
2700907,11999001
2346673,12000129
734105,11999421
1469717,11998384
1126282,11999557
1701907,11998323
1200631,11998378
2480795,11998323
1221345,11998675
2263565,12000107
1188039,11999724
1814896,18
1940551,11998887
1016258,11998655
1832547,42
2591774,11998574
2544259,12000118
556387,11999831
777544,12000156
1857951,11999863
921423,11998664
1881768,11998401
1811909,11999548
2165955,11999418
137342,11999714
292786,11998418
573167,11999875
202111,11998588
2079479,12000208
755646,11999399
1625633,11998496
495977,11999661
2466000,11999079
444181,11999834
2757479,11999453
1284734,11998998
1187617,11999805
1586481,12000121
2421113,11999479
178510,11998592
95576,11998709
2371897,11999567
262240,114
2422732,12000000
30805,11998559
1302686,11999996
2175555,11999211
2327391,11998998
1436545,30
2779498,11999612
1646686,11999412
2222391,11999215
831920,11998669
1224638,11998549
539799,11999058
884135,11999085
165528,11999307
2169536,43
1803079,11999472
450955,11998858
1044725,11998912
2753060,11998553
1090843,11999542
1495077,11998964
1643170,11999047
152701,11999826
559102,11999744
1359382,11999198
2276929,11999377
2314212,11998597
1497148,11999055
1168859,11998509
61703,11999385
557706,11998491
1481240,11998747
1135937,51
1137437,11998455
244778,11999742
824117,11999249
1744886,12000168
2455936,11999977
1254980,11999236
315547,11998365
1274777,11998689
2656992,11999353
1855043,11999043
1673966,11999218
919833,11999315
1222938,11998474
2502420,11999146
2039236,11999324
586417,11998956
233334,11998807
1176006,11999366
1999046,11998699
200386,11999194
184608,11999227
1291518,11999072
777233,11999483
2312973,11998583
1489476,11999748
2164840,11998801
330331,11999703
2593546,11998471
1892063,11998587
1595599,11999826
1434249,11999592
1470057,11999004
2449117,11999983
2587070,11998589
1948007,11999237
1033320,11999807
1292008,11999521
606456,11999823
1401637,12000174
946346,11999043
1936689,11998927
2466559,11999197
2005300,29
1664673,11998587
913913,96
2051582,11999379
429443,11998563
719769,67
461995,11998525
1490982,11999957
389293,11999845
2127168,93
935468,11999139
2813061,11998858
2294626,11999216
2411422,11998834
2163384,94
2545489,11998827
1676632,11999362
77931,11999393
1781986,11999212
1838975,11998735
57384,72
2716374,11999375
652794,11999816
635711,11999054
1147664,11998534
2062488,12000105
2496699,11998611
2366496,11999617
756198,32
1649136,11998955
130730,11999083
179194,11998657
422529,29
1721334,11998694
2169785,11998742
395227,11999549
125801,21
769501,11999503
2422174,31
1182055,11998835
1657407,12000117
469538,11998443
1743195,11999834
1428531,11998563
2411699,11999472
2675270,11999382
2803764,11998741
513371,11998479
1365552,11999348
1001721,11999028
1881150,15
996565,11999488
310121,11998335
1985125,13
967588,11999586
496991,11998943
2281142,11999741
2216483,11999931
127962,11998608
2114819,11998818
495317,11998409
826221,11998694
2696016,11999667
1785194,11999965
2127070,11998972
1215473,11998427
1828587,11998525
418343,11999649
905936,11998788
2496079,11999991
2619935,11999928
533978,11999699
542360,82
1069445,11999198
78823,11998604
2265488,7
2335201,11998347
1300331,11998582
118264,11999203
1679931,11998906
163805,11999885
468833,11998805
1127018,11999751
1788541,11998887
600505,11998357
723078,11998408
719759,11998945
1671476,11999411
1132125,33
1853494,11998594
2535436,11999244
836143,11998941
1240564,11999423
1441486,11999375
43281,11999132
1161333,11999269
2693087,11999231
737413,11999092
2369832,11998823
128168,11999025
1454302,11999146
425183,11999692
39272,12000142
1433452,11999804
2465365,11999142
772671,11999931
607934,11999689
2580673,11998934
2710698,11999495
574411,11998327
2281020,11998418
653903,12000118
2013075,11999272
1977365,11999497
1494143,14
2748626,22
2675850,11999232
2119283,11999328
239370,11998576
1439957,11998671
761296,11999088
2132946,11999796
1528364,102
2834276,11999837
1937742,11999885
1294090,11998989
1887141,68
864147,11998771
2074115,11998591
176392,11998499
1742058,11999795
1675899,11999809
365503,11999598
1805165,11998752
302800,11999771
2084492,11998508
1081743,11999352
917890,11998784
2277882,5
1384514,11998481
1497480,11999122
1564775,12000103
1741881,11999163
1573230,11999198
594054,11999921
2205798,98
2115853,81
1534554,11998456
543617,12000209
1008475,11999877
86950,11999221
2222857,11999713
2312184,11999748
1320609,11999019
346268,11999156
290303,11999676
1344163,11999057
1960968,11998458
489228,11999428
1279148,11999339
1446748,11999072
1371019,11998683
2651283,11998722
756746,11999598
2611977,12000132
1454362,11999839
1868828,11999389
1133338,11999612
1180496,11999063
921388,11998393
778392,11999121
73583,11998989
1643910,26
1540097,11998671
1718388,11999036
1018105,80
1894967,11999744
1904539,69
1730240,11999105
1302776,11998885
555527,11999016
300514,11999411
2586281,11998866
235908,11998812
1468071,110
1563063,11999973
1299392,11999097
695978,11999518
2717832,74
212312,11998788
370058,11998964
1110739,11999147
392963,11998986
552473,11998915
2203084,11998778
720256,11
2570914,11999306
1360271,11999325
174380,11998669
1134179,97
297477,11998949
29252,12000138
930906,12000125
2424030,11998866
2363662,11999053
2558935,11999564
2798276,11999804
2532456,11999728
2561077,11998415
108134,11998616
1466259,11998347
951108,11998513
549233,87
2531940,12000188
2084628,11999243
1392930,11999805
1531889,12000202
2296894,11998663
2777852,11998568
273088,12000169
935318,23
1670853,11999253
1573632,11998371
1919704,11999528
1005494,11998457
2514552,11999318
1697764,11999967
2491115,11998576
2682205,73
1644191,11998619
1974859,11999667
836346,11999352
1133553,11999448
360911,11999379
2300891,11999487
1305742,11998955
213123,11999051
2409689,11999495
462554,11999706
718383,11999328
641600,11998521
1049288,11999254
434999,11999379
1267348,11999232
1649511,11999486
1897128,11999908
2494621,92
220851,11999101
1886278,11999695
2027642,11999826
214076,11999288
1171175,11998557
72409,11999737
1671699,11998544
114659,11998709
1351545,11999069
2071831,11999029
166267,16
80292,11998583
678734,102
331613,12000188
1429449,11999875
1433034,96
2157356,11999487
1142113,11999035
2229754,11999096
1181940,11999493
457836,11999743
2004517,11998598
1023514,11999069
738178,11999883
669941,4
400344,11998559
729789,11998347
2285044,11999511
728343,11998914
2418781,11999981
492437,11999521
826272,94
652378,11999682
2218489,11999306
2375897,11999804
1600849,11999483
2497642,11999667
676112,15
2597279,12000225
2634897,11999596
2513564,68
769654,11999164
1461616,11999301
1758084,11999922
2166827,11998834
2408705,11999176
1329603,24
541121,23
1301396,11999097
1905801,12000104
394539,12000125
1768621,11999527
2478215,11999344
1272476,11998508
934127,11999409
2592050,11998608
530237,11999054
198657,11998525
1097427,11998341
713053,11999397
1728378,12000188
955033,11999561
322508,11999462
53534,11999996
2665534,11998339
1812799,11999845
2832584,11998649
1074536,34
2620634,11998568
229435,11998624
2609277,12000226
716747,11999177
1454645,11999607
1393849,11998397
2523891,11998384
2776242,11999641
819315,12000155
691741,12000132
2261643,36
963464,11998449
1851242,11998567
788425,11998439
346110,11999008
1031215,104
2464261,11999901
2756872,57
608743,12000123
1085973,11999742
948854,11998588
2407326,11998807
2276788,11998557
2601043,97
2356279,11999749
2057242,11998812
573932,11998549
2142232,68
2078001,11999547
2179358,12000105
1314508,11999421
1868257,11998418
661395,11999722
2643253,11999467
35863,119
2362001,11998968
1321586,11999602
1912850,11999351
573838,12000107
572780,11998508
1444805,11999028
95083,11999076
1684918,11998996
213857,18
2203991,12000131
2392552,11998521
1665499,18
1500158,11998482
748681,11999144
2818919,82
1711116,11999173
2672282,11999934
978567,11999802
2317283,11999877
1218486,95
2108740,11998709
1579534,11999648
1834905,11999901
1703063,11999741
1754501,55
2565445,11998875
1637967,11999154
515655,11999834
129419,11999592
2580379,36
541890,11998895
2741085,11999112
511725,11999594
704026,11999196
2042725,11998892
903953,11998586
2476920,11999688
574048,54
424105,11998753
2138064,12000105
2157390,11999979
268512,11998427
677725,11999111
2459177,11999602
1805707,50
663147,11998866
532734,11999208
575106,11998402
2093261,11999547
2019280,11999617
1888262,11999856
896288,11999714
630036,11998971
1753455,11999916
448599,11999551
2720040,11999602
2179093,11999219
1622204,12000102
656519,11999835
2700073,11998895
1496217,11999558
1742213,12000131
1736852,11999772
2578376,12
1860844,12000164
2247804,11999521
391820,11999507
1863297,11999996
2077257,11999952
354298,73
161988,11999121
454793,11999802
761400,11998385
32223,11999121
1997281,66
1597353,11999005
782109,11998397
1113166,22
2780063,11998852
1887174,11999671
1977827,11999286
1344553,11999166
521059,11998471
2139243,11998866
522070,11998745
1599853,11999544
2028595,11998832
592777,11999095
2507335,11999858
2740394,11999863
2086023,11999915
347111,33
1517446,11999124
1845475,11998964
2130423,11998655
422777,11998888
911672,11998909
1446184,11998331
1023734,11999205
1324184,11998415
1807263,11999193
893635,11999626
404839,11999681
2466425,11999699
2257197,11999253
687505,11998802
618326,11999568
1442160,11998745
251782,11998409
771367,12000165
398613,12000182
889328,11999357
234056,11998664
1335610,11998412
114715,11999718
1206121,12000184
2490232,11999316
2830632,108
1793422,91
483476,11999466
1361830,11999981
2497196,11998737
1705262,12000129
1783855,11999051
2827201,11998719
866964,11999207
2637825,11998465
1745789,11999915
319409,11999777
1237537,11998778
2450443,61
733379,11998657
2172036,11999945
1977901,11999838
2097474,11999385
2536944,11999798
310836,91
326913,11998896
2283980,12000135
102264,11999629
226960,11999828
652910,11998874
2342892,11998897
2619022,11999047
578767,106
1140871,11999743
2112078,11999908
2053516,11999743
2832853,12000125
2404223,101
1140514,11998814
2721187,11998939
306827,11999449
2404274,11999188
1965737,11999703
1505646,11999928
859607,11999469
1091165,11999748
753918,11998655
74183,11999641
1076646,11999122
1077743,11998349
1984377,11999756
1975842,11998664
1192607,11999128
455920,11999901
1383997,11999076
2490122,11999448
2505911,11999449
2138055,11998784
1465726,11999823
821342,11998646
297230,11999728
1481511,99
1574342,12000219
1795220,11999486
2799591,11999922
1083731,11998993
43396,93
2020632,11999288
2625273,11998496
854505,11998735
2318404,11998821
1574630,11998602
2567489,11999575
2727815,11998544
1532517,11999828
566592,11999932
127254,11998922
668630,11999403
434291,9
2487419,83
198429,11999328
1569811,65
1509880,12000113
2319834,11998583
1919022,11999531
1512885,12000185
1706644,11999269
916760,11998985
2810757,11999308
2301032,12000208
527732,87
1318891,11999193
1951985,12000192
104687,11998691
217648,11999756
2609072,12000177
2304397,11999199
82264,11999868
1204157,11998816
1071630,11999111
2422130,11999813
2836735,11999993
2383300,12000168
1694233,11999409
264414,11999526
1235422,11998591
716363,84
2309979,11999211
1329045,11998902
71530,11998813
1267201,11999732
2134663,11999823
1583209,11999006
2546508,11998332
880286,11999539
1826169,11999492
1226514,11998439
2416451,11999718
2198801,11999076
2035723,11999807
130741,11999109
677909,11998591
1492703,11998962
238030,11998492
818827,11998425
418368,11998538
1458642,75
470724,11998932
2443983,11998388
964844,11998528
1361142,11999682
1451519,11999173
869093,11999736
736194,104
1536712,11998708
2368006,11999352
1552454,11998481
2604021,11998904
539256,11998935
1216061,11999622
2535063,11999893
904422,11999581
782013,11999511
870110,11998546
1404358,11999572
858530,11999816
1022044,27
388547,54
1927446,11999482
399197,11998949
1471074,11999701
326879,11999963
2451379,11999493
534860,11999428
2517467,11999869
2185439,12000173
2132636,79
2726070,11999645
1639716,11998428
1453021,11999603
303912,11999963
1407794,11999112
1611974,11998474
1203082,11999055
1812118,12000205
454605,11999612
638112,11998402
153083,11999557
2598774,11998755
731999,11999929
2461985,11999924
2738549,11998655
205711,11999427
205617,11999018
1797187,11998773
2077077,11999539
1393610,11998687
1132294,11998737
583665,11999801
283994,11999117
1178026,11999547
2807080,11998841
1934353,11999528
2530032,11998906
1199862,11999403
2655679,39
1821675,11998617
2048685,11999579
1699736,11998979
53543,34
1684108,11999826
1345681,11999444
1618621,11999489
2599429,11998567
1187629,11999658
1432955,11999237
776721,11999778
1006421,11998814
1890398,12000177
1901777,11998955
1980012,11999743
2094069,48
1527002,11998491
184493,11999206
1735323,11999924
2055011,11998927
794322,11999598
1758625,11998545
2314128,11999771
606586,11999308
695626,11998993
1815817,11998559
1919819,38
264556,11999807
943711,11998945
572820,52
2559017,11999689
971826,11998872
2566238,11999448
675874,11998859
809111,11998677
975113,11998451
389895,11999258
810824,12000206
638177,11999547
2211277,11999003
2443774,11998408
263270,11999534
1930358,79
2045973,11999478
903696,11999969
2822859,11999586
1515531,11999902
1413478,11998717
2757269,11999347
1484653,11999051
1573714,11998735
82759,11998921
2468484,11999986
2074884,12000228
2525961,11999734
2629955,11999536
2410691,11999775
576011,11999539
1507099,11998906
2727803,11999493
476348,12000125
2232464,11999527
370148,11998719
885593,11998424
794830,11999126
514763,11999971
2181262,11999809
206533,11999603
782395,11999109
131427,26
1141783,15
624669,11999637
317425,101
1529201,11999674
543354,11999351
1890590,11999637
1594238,11998887
1891162,17
2580757,11999188
1171419,11998424
2127391,11999034
2276172,11999616
765999,11999564
2737079,11998336
2516418,11999491
1105642,11999991
2342629,11999356
1199233,37
2125745,11999053
1543366,11998974
1228387,11999502
1593527,11999959
805740,11999384
1501342,11999869
618159,11999244
71495,11998528
1198802,11999775
2457869,11999164
1045855,11999971
218975,11999418
1555981,11999934
1115697,11999472
1304268,11999742
360055,11998832
1544112,11999881
1289816,11999241
1662647,11998852
474071,11999005
1676241,12000189
2204114,11998605
453111,11998772
686365,9
1068602,11998359
1485722,11998982
1082620,11999377
2417839,11999973
1856670,11999385
241012,11998825
643128,11998418
1219795,11998555
1238870,11999682
513362,11999826
2823839,11998615
1561641,11999101
2743913,11999228
455263,11999203
2240100,12000129
2609326,11998772
1421322,11999037
2360816,11998732
1304841,11999317
943818,11998408
133138,11999433
1376369,11999039
1255257,11999724
828875,12000111
2461751,8
1809478,11998748
2756523,11998989
1575374,11999671
177375,11999064
1466975,12000226
1839340,109
397573,11998966
528123,11998816
173533,57
57732,11999156
447611,11999625
1126436,11999767
2064657,54
857222,11998896
1850773,11998888
1355993,11999985
1134133,11999649
165899,11999239
202627,11999641
2604698,6
2110099,69
1060193,11999306
2290558,11999147
1347297,11999316
1487513,83
704901,11999103
1720525,11999296
2581915,11999088
1370363,11999579
1169087,78
327784,11999702
1782224,11998385
2561504,11998742
971530,11998715
1955934,11999681
317576,11999796
1634927,11999154
1336678,11999198
1339843,11999238
1967817,11999045
1626063,11999907
2702022,11999591
1695495,11999109
2302538,11998478
45381,11999258
1138728,64
2439386,11999729
1028680,12000103
1602556,12000145
1484161,11998898
2102766,11999905
531851,12000116
101248,11999554
665938,11999006
129837,11999288
2669624,11999998
1751116,11998612
727724,11998323
2680095,11998332
169344,11999164
2255454,11999206
850862,11998412
1953246,11999337
2241264,11999447
436712,11998856
712046,12000219
1592686,11999268
342526,11999352
2353102,11999345
920762,11999231
1903388,11998908
2521001,11998689
2326708,11999637
2525195,11999211
1244217,11998334
861847,11998506
2196284,11999293
181148,11999931
79687,11999077
34975,12000225
2155622,12000165
1568974,11998582
223960,11999472
1257852,11998886
2417517,11998432
1990116,12000117
1248565,11998546
549026,11999328
1836047,12000107
2583310,11999736
1322916,11998565
1052782,11999988
826679,11999024
1398345,11999927
1667331,11999492
2566665,11998354
2335655,32
2766373,11998346
2122996,11999774
57050,11998938
161607,11999293
1576139,11998784
1925580,11999877
45131,11998833
577248,12000112
732600,11999833
1345209,11999648
1160803,11999185
1516552,11999456
609647,11999482
908857,11998895
1961883,11999241
1467663,11999169
1306185,11998727
1105743,82
1682982,11999631
1355695,11998388
803732,11999737
1090447,11999423
1477760,11998938
1565820,11999561
478274,11998549
2077041,11998503
339771,11998372
485901,11998379
2592369,110
506669,11999099
859690,11999035
1786851,11998721
2035692,13
485209,11999158
2717649,12000199
2532018,12000114
504052,106
1467751,11998677
2006077,11999036
841458,12000174
2178230,11999924
630674,11999757
1499414,11998719
1112690,97
1436201,11999942
1095834,11999842
1958948,11999828
1101205,11999207
2035662,11999986
714889,11999101
1354166,11998866
1954933,11999085
1361144,91
673211,11999384
2152518,11998698
1310762,11998781
161495,11999337
1288674,66
2248834,11998865
694057,11999272
1853554,11998908
2093580,11999223
714364,11999077
1618813,11998567
950105,11998923
175260,11998908
2601181,71
2275053,11998383
2259098,11999706
2042826,14
2060028,11999902
1151424,11998378
972571,12000208
1168035,12000227
1413040,11998617
1037953,11998557
2453149,11998901
1911756,11999734
2553388,11998574
157843,11999726
459222,11999967
406721,12000102
373569,11998745
866093,11999199
143162,11998639
2283190,11998805
1934210,11998521
2789607,11999602
1465344,11999407
844635,11998436
1986844,11999315
630569,11999031
1901694,11998744
405831,12000185
1562505,11998834
1967439,12000202
2601864,11999233
176851,11998513
2567707,11998891
2473162,12000104
1159580,11999617
2276039,11998538
1894271,11999852
222551,12000155
1630123,11999283
800028,38
1552816,78
1486855,11998377
1053526,62
1341824,11999844
402565,11998365
2833735,11999847
2032865,11999834
1932791,11999079
1662525,11999706
265766,11999409
1085032,11999276
85507,11999169
2689274,11999177
1737127,11999385
793925,11998993
2168126,11998799
1440183,11999564
1233321,11998694
1471600,11998336
2456338,11999846
1190218,11998435
1572515,11999829
2271155,12000209
2476817,11999852
2746836,11999688
2622459,11999658
277567,11999959
1656545,11998415
2759479,11999162
216597,11998437
2325749,11999855
1724788,35
114000,12000116
788478,11999277
1591594,11998707
1055541,12000114
1094048,11999944
697574,11999205
2640394,11999357
240684,11998689
488854,11999005
2594161,11999827
572299,11999209
2244005,11999173
572016,11999749
1526258,11999989
2594971,11999114
1596724,11998424
1640222,73
644256,11998652
35795,11999101
2324025,11999484
1451207,11999196
1597643,11999215
193450,11999898
2566866,11999001
2116478,11999065
1719368,11998651
2807017,11999233
1231512,11998776
835173,11999985
1230871,11999856
1544804,11998788
2245158,11999359
1648690,11998376
603434,23
1717014,11999435
1569744,11998784
914521,11999117
518033,11999111
1579253,11999615
1875927,11999481
864938,11998339
573184,12000213
1912545,11999552
2781681,11999202
2147159,12000166
453673,11999898
652588,12000155
63414,11999856
1528524,11998491
185694,11999483
2611398,59
1723591,11999376
385455,11999163
421029,11998827
167390,11998671
190072,11999105
30535,11998443
658271,11999181
2504378,11999856
2019027,11999602
1041368,11999547
2742704,11998722
2517973,12000138
1192786,11999542
712581,11998534
2327915,11998326
2588371,11999835
2240529,11999063
2322645,74
846807,11999576
514912,2
835991,11998588
762073,11999472
1715390,11998447
1953831,11999165
2394737,11999155
2206670,11998592
2197273,10
1895998,11998995
2217941,11999815
1827850,11999386
488836,11998807
1975194,11999019
1499101,11999431
2123607,11999429
142248,12000182
348859,11998929
196393,11999166
1409610,11998335
1518718,88
958756,11998416
150641,11999583
2412149,11999549
86696,11999877
1637781,11999821
742312,11999591
491536,11999163
2444814,11999895
2735766,11999744
2650134,11998878
332273,11999364
512976,11998938
497992,11999661
1113482,66
597584,11998564
1271265,11999641
2825118,11998523
34565,11999204
1723319,11999986
2631229,12000165
761629,11998673
221857,11999245
1287102,11999211
2481097,11999848
1249356,11999026
615221,11998507
1095860,11999317
149987,11998884
1078565,11999777
1969786,11999155
577434,11999325
2210122,11998365
972865,11998539
2035575,86
417734,11999993
487672,45
2475260,11999209
1149970,11999435
1448325,11999748
980118,11999018
603650,94
2632399,11998788
2300801,11999606
1837246,11998438
1041803,11998456
2817978,12000125
2546627,11998357
1007508,11999868
1574732,11998335
618694,11999313
1083725,65
1139022,11999901
211636,11999163
2778210,11999661
2699621,11998698
288349,11998492
173202,11999173
1575913,11999922
1467134,11999164
2157355,11998336
1092055,11998648
1563258,11998663
167412,11999634
1677857,11999043
603221,58
399494,11998834
1174789,11999324
1385106,11999482
251184,11998332
333425,11998474
903950,11999561
1198881,39
2086505,11999357
791188,11998648
946675,11998699
161761,11999203
1084654,11998442
842443,11999034
646525,11999397
353031,26
742093,11999671
1103749,11998359
1609686,11999615
2059102,11998548
657805,11999988
224869,11999606
2601314,11998501
109943,11998574
1739059,11998523
956857,11998896
333881,11998316
361933,20
1830515,11999658
242910,11999898
2445603,46
1002738,12000137
146206,11999382
1446433,103
1341619,11998706
1773375,11999258
1692903,11999345
2219980,11999418
2065067,11999637
2375762,12000175
2749116,11998996
812172,11999758
1848149,12000228
2401260,11999527
2740139,11998582
2464752,11999311
604350,11999315
2216514,11999916
276432,11999139
567805,11999152
553491,73
2686583,11998747
1253058,11998522
612536,11998791
1350737,13
2651610,11999253
708745,11998778
1592892,11999044
2134373,12000126
1277872,11999447
2386020,11999814
1684655,11999424
1253563,101
1417125,11998573
586031,11998914
1783545,11999158
31068,11999548
2520966,11999481
1093489,11999001
2476819,11998771
584892,11999194
401742,11999598
2378570,11999318
1134871,11999026
2194042,12000156
1875797,11998393
1461456,52
1456517,11999347
906568,11999444
562937,48
1591207,11999358
2350963,11999872
1720628,11999939
566012,11998461
325954,11999998
1497121,11999447
196735,30
2503712,35
774975,11998617
982332,11998359
2086977,38
1097805,11999014
1511451,11999293
1196154,11999079
1731509,11999816
1847208,11998908
2537161,11998323
96073,11999116
507628,11999223
1736646,12000208
2343485,87
1109694,11999594
2513636,11999211
2165567,11998568
2015596,11998951
1835964,52
1961470,78
480283,11998833
1492224,11998784
2721603,11999038
2361450,12000225
1813253,11999445
1626676,11998451
708853,11999702
2506198,11999627
356178,11998762
243579,11999996
2477599,11999149
32348,11999574
1973916,11998503
1061510,11999112
1829628,11999044
2762234,11999227
611399,11998823
2270489,11999574
480118,8
745107,11999645
2291612,11998982
2371160,11999737
2314959,11998941
1982141,103
2781947,11999436
2747919,11999249
851638,11999378
2320161,11999654
244995,27
1160059,11999031
2014245,11998412
454208,11998335
1311253,11999963
1616749,11998745
598963,11999005
2246377,11999307
1112254,11999172
2761970,78
1954974,11999481
2098182,11998995
1011605,12000175
1466551,11999322
613410,11998946
1020316,12000161
1787023,11998744
1406860,11999431
2388080,11998654
1562779,12000174
575487,11999077
1802775,11999096
928204,11999277
2731530,11999103
2583166,11999365
2443456,70
1508207,11998544
298304,11999981
2136552,11998804
680250,12000202
709372,11998564
728988,11998841
684034,12000202
1664082,11999856
1710374,11999881
2305495,11998393
975662,12000151
1485743,11999983
2698032,11998706
2634852,31
92784,11998823
2549088,11999211
1902169,11998443
362556,11999353
2132214,11999072
351174,11999212
2131407,109
2768851,11998814
1861685,11998893
1240771,11998608
2566870,11998688
869480,11998328
540589,11998737
2606302,11999404
226746,11999527
2110108,11999334
1894788,60
372268,11998639
2189293,11999249
799587,11998722
512945,12000169
579152,12000155
1511893,11999519
1596940,12000128
1427209,86
1753270,11999189
2540789,11999172
1289136,11999036
912415,11999816
2241837,11999223
2374479,53
1085281,11999979
694039,12000208
49152,11999397
867684,11999978
270324,11999741
970013,11998385
1727517,11998409
337269,11998713
133369,97
101889,11998655
982721,12000226
2093349,11999228
2820931,14
2065474,11998893
2605083,11998934
1600813,12000145
665829,11998964
2687490,47
1935640,11999718
2531020,11998878
2577006,11998852
1904334,11999252
1857076,11998815
1393825,11999364
2314994,11999367
1463945,11999003
2597112,11999003
621408,11999364
318752,11998737
57579,11999412
1271441,11999181
2055498,11998412
420405,11999802
1069294,11999572
2190065,11999045
2821947,11999026
1697527,11998449
1330126,11998825
414968,11999525
945556,11998685
233726,11999513
2078785,11998885
637946,66
2744352,48
624236,11999343
2764282,11998823
691190,11998482
1467409,11999677
1153705,11998463
413781,11999092
2319309,12000227
944095,11999775
857142,11998504
1273544,11999469
2544717,11999939
778368,11999241
1802889,11999911
1830352,113
1369908,11999934
2160900,11999154
1887281,11998772
2152762,11998617
526715,11998569
558812,11999551
852492,11999043
135005,11998885
1335510,11999215
2418198,11998442
1408201,11998325
2653674,11998663
835615,11999239
1904005,11999537
2023162,11998524
594313,113
2500404,72
663671,11998558
494952,11998967
2650818,11998677
1115536,11999706
1086103,11998606
2280663,11998479
150869,11999447
1240649,11999742
174194,11998989
1981595,11998906
1993421,50
2161235,11999423
709143,11998781
2588322,11998993
87106,11998727
551399,11999737
367208,12000189
752557,11999742
734831,11998546
1589849,11999616
883780,15
679807,11999089
2208590,64
790217,11998391
1794743,11999277
2438748,12000228
1066607,11998936
819628,11998709
2311902,12000208
2452582,11998756
1633395,11998507
2610034,11999795
2501904,11999986
1471827,11998491
2359485,11998923
2756795,11999431
358934,11999545
323369,11998408
2015993,45
353865,11999502
1006023,11998587
217910,11998416
1730692,11999389
2167325,11998507
739286,11999411
845838,12000126
401343,11999602
1458194,11998447
1671022,11999186
963489,11998616
1262338,11999074
548920,11998938
724122,11998981
2551018,88
337188,11999815
1333210,11999779
1977322,11998506
47726,11999344
2493610,11998484
2315411,11999076
344230,11999557
2203478,11998752
849405,11999497
1729811,31
126409,11998734
2488839,11999036
751430,11999511
1686707,12000145
557125,11999307
2796350,11999418
108671,63
570577,11998851
1604996,11998667
2197266,11998831
1831673,11998545
1079289,11999689
1261366,11999845
598527,11999248
560118,11998818
1702209,11998865
82615,11998558
371748,11998647
210290,11999109
1401634,11999345
2552159,11999036
302428,11999242
2574379,11998897
1643004,11999805
1620522,11999699
1972629,11999203
1219511,11998979
2252905,11999707
2195539,11999971
374247,11999069
1090625,11998346
1908112,11999498
1522944,11999991
917928,12000128
447513,11999034
1475708,12000177
2037257,11999183
2329379,11999146
2012034,11999039
1811575,11998465
495611,78
167344,11999254
2718876,11998793
1338053,11999824
668098,11998743
1044452,11999671
534837,98
2326097,11999782
1796444,11999094
481570,46
2069792,12000135
771291,11998339
2543770,11999337
2198204,3
1272600,12000117
235687,11999166
2032275,11998898
752560,11999824
1528037,11999332
2459093,11998545
1728597,11998563
42635,11999952
2288084,11999894
554181,11999741
1762724,11999282
2473102,11998895
2830476,11998412
2093818,11999228
2099538,11999227
805830,11999094
1113032,51
278340,69
1742461,11999603
2005967,11999748
2048628,11999674
1893705,12000151
798747,11999513
944282,11999243
1408125,11999938
1128408,11999526
2407194,11999514
1631310,11999026
89717,12000103
1921818,11998503
1663347,11999109
2138423,90
1941228,12000174
774286,11998526
1655253,11998766
2170982,11999804
453173,11999165
1094067,11998665
1372525,11998913
2333109,11999801
2010618,11999616
57190,12000168
2612943,11999591
1811081,11999859
2335218,12000177
1148454,22
915224,11999978
2371548,11998819
2038007,11999872
1125471,25
919566,11999934
2738032,11998649
502211,11999649
2604099,11999557
481387,11998474
2016877,11998784
80782,11999215
251075,111
2254734,11998499
73933,11998962
2253408,11998402
1159222,11998481
541403,12000183
839829,11998669
2058448,11999128
2124156,11999692
2168645,11999039
1524241,107
2599004,12000172
532616,75
906951,11999488
1157108,11999511
1802261,11998956
48912,11998852
755536,11998981
773165,11999885
2619187,11999968
2268834,11999879
1771641,11999796
2626940,11999296
1739734,11999777
2425308,11998611
1684572,11999549
1513572,11998826
92684,11999389
1041263,11998896
215887,11998493
1424258,39
750101,11999928
1890978,11999574
144635,11998982
1328717,11998504
1915231,11998813
1578086,11999502
2575785,11999384
1512268,11999833
1272671,12000151
2751571,11999942
1282201,11998567
287264,11998951
1331896,57
1651823,11999938
2683497,11998376
184252,11999751
2174635,11999249
540563,11999616
2420198,12000174
2623855,11999936
2094896,11998465
918199,11998781
930325,11998741
2234060,11999086
894658,11999382
385028,11999044
2737498,11998558
1484368,31
2051085,11999097
702990,11999364
1608825,11999907
261040,11999706
858364,11998859
1027204,11999322
1961276,11999824
1239129,11998909
162452,11998737
591230,96
404175,20
1736094,11998643
1286416,11999025
2200480,1
901129,11999215
1926490,11999038
806418,11998793
2799923,11998727
822606,11998451
366464,11999339
2650310,11998371
113459,11999105
888788,12000125
821541,11998447
2692347,12000188
2665133,11998831
2367976,12000202
1625230,11999561
2349932,11999807
800748,11998949
925959,11998691
1863054,11999835
84528,11998713
1212453,81
2717506,11999534
1552897,11998804
1741214,11999798
2373080,11999537
2583962,11998955
2656125,11999777
1970268,11999511
2784388,11998802
2129076,11999625
1846909,11999428
978021,11998971
2317427,11999152
556275,11999561
1985227,11999695
1072464,11998955
985983,11999002
2104271,11999374
2310514,34
758498,11998544
2673538,44
882113,11999348
1901335,11999183
771777,11998799
1258337,46
2599113,11999409
2567076,11999536
2318862,43
1927917,31
1390817,11999198
1399641,113
466640,11998398
290474,11998583
791961,11998762
1385321,11999624
1489828,11999806
270199,11999583
1693771,11999055
1775133,11999339
405417,11998913
1233331,11999113
358173,16
1144411,11998707
481766,11998557
875384,11998706
1219615,11999164
2253238,11998699
698875,12000112
2388929,41
54953,12000113
1096074,11998941
2037273,11999176
189462,55
1461513,11998911
1122998,11998352
2795893,11998443
2369281,11999472
472367,11998328
2375776,11998754
1634199,11998663
2610806,11998359
2065996,2
2244498,11999801
2083731,11998349
1384904,11998528
2430785,11998652
2799912,11999564
155533,11999218
847396,15
1363528,11999591
673993,11998553
680534,11998804
1299090,11999798
1711282,11999308
1503871,11998918
1146267,11999883
1240295,11998507
1878604,11998657
1549520,11998993
281309,11999516
2728016,11998327
2591672,62
2338080,11999094
2324351,11998984
2322361,11999337
1668212,11999307
987555,11998746
537117,11998325
1159589,12000165
2388682,11999169
2823542,11998347
108280,11999307
504506,11999202
1964998,11998574
1213212,11999166
845325,11999481
2299050,11999223
744925,11999006
427247,11998559
2349944,11998362
1942072,11998514
533010,11999564
2700709,66
1579643,11999233
1448478,11999455
390342,11999031
1109983,11999146
1056489,11998831
806752,11999122
475401,114
514601,97
2082281,11998416
1608939,11998918
1703316,61
528342,11999284
2393667,73
1590126,11999004
1363486,11998922
531077,12000123
2523545,11999207
2640953,11998572
1405062,11999813
953623,11998534
85916,11999005
894449,12000192
264803,11999313
2262526,11999348
1111059,11999456
1610774,11998964
2165487,11998764
1992385,36
2629602,11998582
392954,12000000
2038986,11999859
1563033,11998717
2009932,11999016
2489983,11998818
2619056,12000213
2403571,2
134602,82
737926,11999828
2255423,11999315
2014818,11999044
366339,11998524
281620,11998415
2518114,11999813
2317817,11999311
502668,12000202
1166929,33
1509162,11998884
870734,85
376147,11999449
78000,11999965
2000294,12000183
2509141,11998764
1070145,11999158
1856730,67
1176642,11999607
896014,11999252
1439307,11999779
366031,11999801
1145369,11999004
1539742,11999274
2117085,11999055
2810303,11998911
1527016,11998863
2783030,43
2251738,64
2227063,11999376
2013272,92
784235,11999845
2545969,11999101
1616788,11998964
751380,11999086
1512564,11999203
2470675,11999868
327340,11998789
402688,11998674
2624800,11999169
581513,11999487
2249189,11999083
711450,9
979537,11999169
570867,11999152
1034387,12000111
2265149,11998813
666483,11999044
389426,11998371
2452547,11998841
2034826,11999211
843841,11999262
923592,12000111
2596128,11999978
1735673,94
281650,12000193
1466653,1
2644546,11999472
2206190,11998778
1176383,11998508
1739719,11998482
276225,105
1162835,11999117
70991,11999807
1476002,11999902
1116939,100
759252,11999895
429468,12000185
501331,11998722
1065090,11999959
2296345,11999894
2287725,11998452
672254,11999846
1788556,11999101
1098301,11998573
974588,11998682
348072,11999293
856139,11998368
460788,11998745
2295120,11998521
77363,11998378
563312,11998448
2533056,11999328
761621,11998491
2681975,11999152
727982,11998453
1857698,12000192
1703966,11999359
234536,11999692
1682372,41
614405,11998863
2406497,11998424
2666462,11998756
1672052,11999732
30406,11998988
1772942,12000228
1776749,11998602
644647,11999489
151052,11999781
707041,11998722
858427,11999069
2097288,16
1904003,91
2235565,11999057
1081356,5
2750485,11999232
2806664,11998381
2498921,12000183
666326,11998609
205404,11998461
2210837,11999829
2585076,12000212
1589845,11999486
2631977,11999105
772464,11999842
2336916,11999575
263212,96
804389,11998949
138743,11999912
2486108,11998597
102085,11999204
2173870,11999154
75825,11999095
1949316,11999834
876125,11999059
299634,11999542
710807,11998721
2740525,11999623
563872,11999534
1247821,11998688
1629555,11998481
133781,11998712
2810958,12000192
1615018,11999718
1908616,11999912
787066,11999557
1137365,11999649
1114034,11999044
125389,11999486
504407,11998332
1655924,11999625
1445532,11999038
700184,11999318
2433200,11998898
2318890,11999055
1967080,11998576
1725340,11999002
1188639,11998481
1361609,11998439
1866396,11999269
1402436,11999444
2029363,11999732
751314,11998976
531238,11999232
935413,20
229883,11999596
1039966,11998484
1511789,12000138
1951939,11998825
43851,11999593
1527165,11998332
2820486,11998753
460470,11999025
2308584,11999196
76342,11999671
113732,11999959
1945078,11999967
2743250,12000225
2283952,11998984
1169810,11998362
1970824,11998587
1118119,11998967
1388995,11998503
2425707,56
1431533,12000123
48111,11999859
1591441,12000169
303610,5
944114,11999912
1069993,11998712
2027367,11998332
1918899,34
39193,32
2457043,11998812
1484372,11998393
2368935,11999281
2554062,11999209
1351908,11998685
931485,11999198
1884951,11998889
1542405,11998918
31559,11998833
401637,11999194
407889,11999732
1401472,11999677
2058071,11999144
638375,11998336
1618818,75
2613677,11998564
1850577,11998911
965979,99
421478,11999693
1968119,11999082
421510,11999218
1719741,11999393
790888,74
56462,11998616
2659132,11999682
1782201,11998799
993632,11998327
2677823,11999682
1105317,72
1931680,11999039
1409658,11999957
1572578,117
1834550,11998931
1501849,11998455
201614,11999671
1519961,11999856
1802151,11999796
1389503,11998851
1798345,11998524
1583415,11999249
497741,11999235
2681921,11999921
394305,11999459
516824,12000176
1434270,11999688
1352898,11999218
1190350,11998498
1431704,11998643
952502,11999559
743153,11999805
429712,11999682
177679,11999612
234008,11999016
1157036,11999405
237553,11999785
1144392,11999528
1315277,11998826
2320637,11999444
1817823,11999248
505863,11998591
820327,11999343
1159984,11998967
1873216,11999952
1158045,11999671
1205051,11998541
1931441,11998677
2825819,11999428
669028,11998913
307485,11998463
890073,11999837
2462424,67
2280042,11999814
241473,12000125
175497,11998756
229608,11999037
1599789,79
174732,11999463
1186082,11999318
2068038,42
1997975,11998442
1336839,11999493
50920,11998321
1506069,11998443
2163582,11999695
825482,99
1881859,51
2351454,11999774
1662827,11998845
2765590,12000112
2086241,11998741
575800,11999208
1162117,11998968
1281581,11998345
651324,11998836
96612,11999367
1617732,11999487
74032,11999139
2153035,12000185
1466574,11999624
1792669,11999296
891104,11999006
1369581,112
2734148,11999186
542530,11999342
1136269,12000104
2021057,93
2661818,61
2206053,11999537
588963,12000207
789234,11999254
1861057,11999057
1004879,11999373
1383296,11998762
655601,11998491
2298990,11999493
2050474,19
2546908,11998955
1438017,11998663
2624409,12000224
877819,11999436
1565227,11998964
2198179,11999071
1560629,11998941
1623008,12000175
100043,98
2746756,11999726
1910086,11999839
1935097,11999237
79757,11998376
2024274,12000193
1031312,37
934171,11998755
2769130,11999885
1393127,11999194
281951,11998361
2338280,11998492
115197,11999435
1708645,27
2619764,11999255
1067439,11999659
2195891,11999986
804889,11998912
2629924,11998923
323341,11998741
1206333,11999737
2818972,12000105
2515841,11999588
1708687,11999382
1751888,11999625
362362,11999692
1774283,11999545
1549003,11999094
2464553,11999339
2834482,11999077
2185255,11998436
1194904,12000193
2789151,11999177
1371515,11999166
827059,11999069
1019945,2
1539033,12000111
1702342,11999375
102585,11998323
1417371,89
1540222,11999432
1112215,79
1602817,11999802
2676543,11999673
1553747,11999429
1295527,11998753
1956979,11999489
1969035,12000157
1059236,11999513
1607900,11999855
1563213,12000131
1906161,11999652
937050,11999484
2220061,11998927
1150323,11998605
2190107,12000166
81759,11999749
274996,11998762
1004927,11998934
1531263,11999209
2604534,11999547
86255,11999593
1648186,12000185
2832245,11999728
2298444,11999559
1773801,11998813
1394490,11999082
2508656,11999253
1530371,11998619
185585,11998755
683864,11998993
481631,11999113
575383,11998553
2323397,11999338
1391387,11998901
751968,11999545
1174188,11999436
909723,11999353
1802576,11999734
2005717,117
2550502,11999676
878766,11998814
2683860,11998743
2060872,11999393
1501462,11999863
332437,11998397
757308,11998826
508369,11998525
1706305,11998474
2534412,11998981
1571157,11998316
588482,11999119
2412378,11998491
967936,11998435
1215419,11998502
584267,11999449
1302390,11999086
1447811,11999884
2832099,11999399
1347284,11998447
1657906,11998546
1943136,11999375
793356,11999624
2106095,11998939
667134,11998998
2329177,11998677
2137517,11998915
597599,11998671
1265976,86
1227951,105
2499169,12000148
258343,11999875
1616662,11999282
2162699,11999092
1215184,11999076
1640908,12000193
529050,11998492
1189994,11999852
1893072,12000226
