:START_ID,:END_ID
1,237
2,47
3,173
4,35
5,91
6,52
7,248
8,217
9,196
10,264
11,111
12,177
13,85
14,81
15,394
16,473
17,195
18,326
19,253
20,6
21,43
22,14
23,317
24,419
25,203
26,144
27,198
28,248
29,128
30,80
31,213
32,316
33,157
34,390
35,128
36,36
37,63
38,300
39,287
40,230
41,174
42,12
43,31
44,55
45,309
46,87
47,324
48,21
49,438
50,159
51,318
52,457
53,411
54,142
55,412
56,468
57,103
58,431
59,125
60,130
61,44
62,185
63,419
64,125
65,168
66,112
67,52
68,56
69,331
70,395
71,362
72,304
73,476
74,31
75,209
76,4
77,382
78,222
79,5
80,212
81,1
82,215
83,370
84,358
85,121
86,434
87,480
88,98
89,411
90,13
91,150
92,191
93,377
94,411
95,425
96,214
97,493
98,113
99,69
100,50
101,146
102,487
103,368
104,176
105,428
106,42
107,135
108,43
109,71
110,206
111,256
112,86
113,256
114,493
115,31
116,213
117,35
119,451
11998315,94
11998316,379
11998321,93
11998323,465
11998325,22
11998326,236
11998327,326
11998328,230
11998331,77
11998332,17
11998334,293
11998335,262
11998336,213
11998338,436
11998339,388
11998341,223
11998345,137
11998346,331
11998347,442
11998349,197
11998352,69
11998354,384
11998355,483
11998357,467
11998359,11
11998361,216
11998362,479
11998365,316
11998368,192
11998371,15
11998372,45
11998376,245
11998377,461
11998378,165
11998379,156
11998381,78
11998383,191
11998384,245
11998385,453
11998388,393
11998391,14
11998392,377
11998393,228
11998397,258
11998398,372
11998401,461
11998402,395
11998403,478
11998407,382
11998408,288
11998409,308
11998412,22
11998415,140
11998416,14
11998417,323
11998418,328
11998424,428
11998425,294
11998427,468
11998428,122
11998432,304
11998433,239
11998434,226
11998435,466
11998436,154
11998437,433
11998438,394
11998439,30
11998442,220
11998443,20
11998447,202
11998448,321
11998449,106
11998451,328
11998452,39
11998453,165
11998455,479
11998456,293
11998457,147
11998458,115
11998461,115
11998463,377
11998465,283
11998467,35
11998468,337
11998471,50
11998474,295
11998478,127
11998479,442
11998481,232
11998482,442
11998484,386
11998485,282
11998491,255
11998492,360
11998493,205
11998496,152
11998498,54
11998499,191
11998501,12
11998502,269
11998503,183
11998504,264
11998506,161
11998507,81
11998508,392
11998509,393
11998513,14
11998514,250
11998521,84
11998522,439
11998523,244
11998524,79
11998525,282
11998526,172
11998528,226
11998534,53
11998535,140
11998538,389
11998539,342
11998541,225
11998544,35
11998545,291
11998546,434
11998548,442
11998549,299
11998553,388
11998555,305
11998557,477
11998558,464
11998559,244
11998563,485
11998564,10
11998565,352
11998567,34
11998568,385
11998569,143
11998572,174
11998573,228
11998574,449
11998576,287
11998582,200
11998583,140
11998586,398
11998587,352
11998588,23
11998589,266
11998591,64
11998592,55
11998594,173
11998597,411
11998598,225
11998602,272
11998604,88
11998605,177
11998606,476
11998608,302
11998609,82
11998611,182
11998612,399
11998615,155
11998616,249
11998617,353
11998619,40
11998624,423
11998625,340
11998628,93
11998639,317
11998642,20
11998643,99
11998646,282
11998647,166
11998648,390
11998649,117
11998651,262
11998652,65
11998654,108
11998655,1
11998657,99
11998658,256
11998661,137
11998663,418
11998664,61
11998665,387
11998667,404
11998669,332
11998671,406
11998673,459
11998674,113
11998675,20
11998677,177
11998682,415
11998683,77
11998684,129
11998685,323
11998687,24
11998688,364
11998689,311
11998691,205
11998694,141
11998695,283
11998698,91
11998699,224
11998701,14
11998706,330
11998707,483
11998708,276
11998709,94
11998712,271
11998713,73
11998715,227
11998717,355
11998719,30
11998721,369
11998722,203
11998724,469
11998727,360
11998732,197
11998734,267
11998735,191
11998737,14
11998738,119
11998741,271
11998742,372
11998743,155
11998744,338
11998745,236
11998746,105
11998747,377
11998748,253
11998749,447
11998752,313
11998753,337
11998754,139
11998755,64
11998756,195
11998759,300
11998762,38
11998764,35
11998765,331
11998766,177
11998768,360
11998771,137
11998772,221
11998773,301
11998774,113
11998775,53
11998776,62
11998778,399
11998781,105
11998784,315
11998788,321
11998789,424
11998791,72
11998793,453
11998799,483
11998801,136
11998802,187
11998803,85
11998804,272
11998805,197
11998807,193
11998811,415
11998812,166
11998813,383
11998814,239
11998815,289
11998816,72
11998818,66
11998819,26
11998821,26
11998823,200
11998825,437
11998826,248
11998827,442
11998831,163
11998832,280
11998833,113
11998834,441
11998835,277
11998836,368
11998841,255
11998845,433
11998851,71
11998852,353
11998856,251
11998858,118
11998859,190
11998862,291
11998863,334
11998865,139
11998866,112
11998872,413
11998873,345
11998874,20
11998875,323
11998876,34
11998878,158
11998884,291
11998885,432
11998886,313
11998887,195
11998888,98
11998889,3
11998891,477
11998892,402
11998893,145
11998895,363
11998896,344
11998897,353
11998898,199
11998899,433
11998901,354
11998902,204
11998904,332
11998906,16
11998908,300
11998909,383
11998911,345
11998912,14
11998913,187
11998914,469
11998915,88
11998918,143
11998921,397
11998922,488
11998923,428
11998927,174
11998929,120
11998931,274
11998932,250
11998934,366
11998935,294
11998936,457
11998938,409
11998939,493
11998941,49
11998942,375
11998943,240
11998945,340
11998946,193
11998949,76
11998951,298
11998955,192
11998956,325
11998959,125
11998962,316
11998963,396
11998964,3
11998966,108
11998967,211
11998968,304
11998971,322
11998972,412
11998974,123
11998976,52
11998979,189
11998981,470
11998982,301
11998983,376
11998984,348
11998985,142
11998986,181
11998988,301
11998989,115
11998993,74
11998995,42
11998996,326
11998998,239
11999001,292
11999002,368
11999003,104
11999004,277
11999005,337
11999006,192
11999008,448
11999014,450
11999015,478
11999016,296
11999018,140
11999019,460
11999024,385
11999025,288
11999026,273
11999028,331
11999029,92
11999031,97
11999032,151
11999033,167
11999034,351
11999035,344
11999036,430
11999037,23
11999038,50
11999039,290
11999042,353
11999043,54
11999044,82
11999045,404
11999046,437
11999047,392
11999051,83
11999053,76
11999054,86
11999055,320
11999057,182
11999058,98
11999059,260
11999063,60
11999064,164
11999065,60
11999069,42
11999071,340
11999072,258
11999073,453
11999074,12
11999076,33
11999077,243
11999079,145
11999082,440
11999083,461
11999085,371
11999086,143
11999088,195
11999089,59
11999092,442
11999094,227
11999095,404
11999096,358
11999097,27
11999099,191
11999101,379
11999103,372
11999105,127
11999106,312
11999107,370
11999109,425
11999111,312
11999112,35
11999113,421
11999114,382
11999116,102
11999117,467
11999119,156
11999121,14
11999122,275
11999124,189
11999126,34
11999127,414
11999128,399
11999132,29
11999134,322
11999139,172
11999141,277
11999142,28
11999143,456
11999144,283
11999146,374
11999147,412
11999149,249
11999152,355
11999154,20
11999155,54
11999156,37
11999158,489
11999162,290
11999163,395
11999164,241
11999165,257
11999166,21
11999167,395
11999169,234
11999172,284
11999173,216
11999176,26
11999177,13
11999181,485
11999183,480
11999185,94
11999186,194
11999188,386
11999189,463
11999193,388
11999194,283
11999196,185
11999197,190
11999198,42
11999199,55
11999202,28
11999203,470
11999204,469
11999205,326
11999206,293
11999207,439
11999208,31
11999209,22
11999211,250
11999212,297
11999215,104
11999216,268
11999218,243
11999219,235
11999221,308
11999223,203
11999226,489
11999227,204
11999228,14
11999231,366
11999232,359
11999233,476
11999235,15
11999236,471
11999237,365
11999238,314
11999239,315
11999241,326
11999242,126
11999243,392
11999244,54
11999245,233
11999248,130
11999249,408
11999252,213
11999253,187
11999254,192
11999255,295
11999258,438
11999262,243
11999264,174
11999268,26
11999269,41
11999272,402
11999274,427
11999276,232
11999277,111
11999281,177
11999282,261
11999283,43
11999284,267
11999286,99
11999288,114
11999292,319
11999293,175
11999294,431
11999296,472
11999301,391
11999302,51
11999304,228
11999306,308
11999307,462
11999308,257
11999311,309
11999313,172
11999315,346
11999316,176
11999317,344
11999318,355
11999322,260
11999323,480
11999324,110
11999325,313
11999327,126
11999328,158
11999329,492
11999332,221
11999334,142
11999335,40
11999337,277
11999338,262
11999339,356
11999342,379
11999343,453
11999344,344
11999345,414
11999347,51
11999348,469
11999349,180
11999351,67
11999352,66
11999353,31
11999356,187
11999357,32
11999358,270
11999359,306
11999362,45
11999364,146
11999365,175
11999366,259
11999367,372
11999372,122
11999373,171
11999374,352
11999375,435
11999376,271
11999377,281
11999378,55
11999379,57
11999382,85
11999384,226
11999385,125
11999386,408
11999389,407
11999392,7
11999393,127
11999397,182
11999399,77
11999402,465
11999403,397
11999404,161
11999405,430
11999407,17
11999409,395
11999411,449
11999412,63
11999417,184
11999418,325
11999419,448
11999421,18
11999423,443
11999424,87
11999425,58
11999427,104
11999428,430
11999429,354
11999431,12
11999432,218
11999433,234
11999435,273
11999436,35
11999442,297
11999444,57
11999445,475
11999447,244
11999448,372
11999449,166
11999453,257
11999455,223
11999456,189
11999458,332
11999459,378
11999462,47
11999463,470
11999466,277
11999467,469
11999469,90
11999472,406
11999478,261
11999479,215
11999481,305
11999482,267
11999483,61
11999484,190
11999486,470
11999487,62
11999488,97
11999489,387
11999491,10
11999492,255
11999493,442
11999495,220
11999497,346
11999498,453
11999502,123
11999503,479
11999506,382
11999507,117
11999508,115
11999511,188
11999513,45
11999514,64
11999516,18
11999518,390
11999519,92
11999521,316
11999522,184
11999525,205
11999526,154
11999527,383
11999528,14
11999531,184
11999534,74
11999536,370
11999537,234
11999539,352
11999542,267
11999543,400
11999544,1
11999545,352
11999547,249
11999548,17
11999549,31
11999551,6
11999552,422
11999554,102
11999557,399
11999558,286
11999559,339
11999561,103
11999564,251
11999565,141
11999566,229
11999567,4
11999568,218
11999572,270
11999574,178
11999575,332
11999576,57
11999578,99
11999579,210
11999581,209
11999583,411
11999585,164
11999586,447
11999588,123
11999591,19
11999592,31
11999593,376
11999594,35
11999596,331
11999598,1
11999602,318
11999603,255
11999606,342
11999607,335
11999611,459
11999612,217
11999615,263
11999616,170
11999617,313
11999622,312
11999623,265
11999624,236
11999625,438
11999626,342
11999627,375
11999629,190
11999631,467
11999634,350
11999637,454
11999641,306
11999643,246
11999645,432
11999648,156
11999649,491
11999652,163
11999654,494
11999655,201
11999658,268
11999659,195
11999661,292
11999662,480
11999667,105
11999671,373
11999673,473
11999674,375
11999676,337
11999677,410
11999679,417
11999681,448
11999682,124
11999686,469
11999688,470
11999689,443
11999692,241
11999693,473
11999695,219
11999699,178
11999701,27
11999702,262
11999703,414
11999706,163
11999707,83
11999709,391
11999713,368
11999714,472
11999718,195
11999722,136
11999723,307
11999724,180
11999726,146
11999728,323
11999729,3
11999732,479
11999734,415
11999735,485
11999736,220
11999737,138
11999738,230
11999741,223
11999742,335
11999743,221
11999744,211
11999748,439
11999749,317
11999751,5
11999756,85
11999757,50
11999758,35
11999762,306
11999767,36
11999771,286
11999772,70
11999774,68
11999775,388
11999777,183
11999778,443
11999779,442
11999781,216
11999782,178
11999785,218
11999788,375
11999789,33
11999795,228
11999796,342
11999798,12
11999801,383
11999802,462
11999804,41
11999805,60
11999806,206
11999807,143
11999809,216
11999813,306
11999814,380
11999815,381
11999816,138
11999821,447
11999823,338
11999824,317
11999826,69
11999827,327
11999828,419
11999829,163
11999831,110
11999833,484
11999834,364
11999835,417
11999837,423
11999838,202
11999839,480
11999842,418
11999843,265
11999844,274
11999845,123
11999846,44
11999847,362
11999848,129
11999852,263
11999855,212
11999856,85
11999858,189
11999859,330
11999861,430
11999863,310
11999868,213
11999869,14
11999872,322
11999873,226
11999875,110
11999876,374
11999877,86
11999879,229
11999881,447
11999883,360
11999884,12
11999885,484
11999893,411
11999894,144
11999895,148
11999898,147
11999901,30
11999902,391
11999903,373
11999904,62
11999905,309
11999907,121
11999908,221
11999911,177
11999912,368
11999915,128
11999916,90
11999921,95
11999922,245
11999924,372
11999925,355
11999926,334
11999927,109
11999928,39
11999929,102
11999931,23
11999932,238
11999934,434
11999935,102
11999936,118
11999938,257
11999939,55
11999941,185
11999942,482
11999944,425
11999945,310
11999952,69
11999957,260
11999959,391
11999963,356
11999965,188
11999967,259
11999968,381
11999969,352
11999971,65
11999973,153
11999977,30
11999978,462
11999979,214
11999981,9
11999983,40
11999985,69
11999986,88
11999987,423
11999988,52
11999989,399
11999991,138
11999993,313
11999995,347
11999996,21
11999998,448
12000000,90
12000102,300
12000103,479
12000104,336
12000105,197
12000107,76
12000111,71
12000112,394
12000113,87
12000114,219
12000116,468
12000117,328
12000118,399
12000121,34
12000123,115
12000125,451
12000126,118
12000128,450
12000129,351
12000131,197
12000132,418
12000135,21
12000137,266
12000138,191
12000142,331
12000145,418
12000146,100
12000148,67
12000151,391
12000152,108
12000154,217
12000155,120
12000156,111
12000157,16
12000158,253
12000161,209
12000164,117
12000165,233
12000166,153
12000168,160
12000169,474
12000172,441
12000173,92
12000174,30
12000175,459
12000176,395
12000177,222
12000182,339
12000183,174
12000184,398
12000185,13
12000188,403
12000189,353
12000192,433
12000193,213
12000196,256
12000199,191
12000202,196
12000203,384
12000205,289
12000206,63
12000207,287
12000208,353
12000209,107
12000212,36
12000213,403
12000217,335
12000219,22
12000224,403
12000225,58
12000226,478
12000227,438
12000228,480
